GENE	Wt0A T-1.5	Wt0A T0	Wt0A T2	wtsF T2
yvdG	-0.782408565	8.515699838	2	-0.974004791
yqgI	-4.375039431	-6.826548487	-3.321928095	3.321928095
sspE	-3	-0.415037499	5.14974712	5.564784619
yydF	0	7.50779464	0	-1.609624555
ywcI	0	5.624490865	6.678071905	-0.511752654
srfAB	1.863722736	1.109654695	7.147204925	-1.53491184
comS	2.338322533	0.79970135	7.129283017	-1.449655696
ypzA	-1.584962501	-2.584962501	4.169925001	3.584962501
yqgJ	-4.392317423	0	-5.169925001	2
yxbC	1.906890596	5.560925736	5.659890988	-1.506789017
aroB	0.469485283	4.656347134	6.394033895	-0.854842447
ybcO	2.321928095	0	7.033423002	-0.384429513
yxbB	0.610053482	4.927952211	4.79658045	-1.935304232
cotE	-0.415037499	0	4.550197083	6.357552005
ywkC	0	4.560714954	5.285402219	-1.30954437
yvaY	3.169925001	6.229886958	3.169925001	-1.429987841
bpr	-0.292180751	5.832016976	3.277337944	-0.851945073
sigF	-1.169925001	3.078002512	4.087462841	-2.184424571
fhuG	-1.058893689	0	4.209453366	5.209453366
prkA	0	0	6.06608919	0
yjbX	1.263034406	-1	5.335390355	4.875958736
ybcP	1.807354922	5.826548487	3.087462841	-1.36099766
murC	-0.80644671	2.879923548	5.566664842	-0.264974732
yjbS	0.73940877	1.013477504	5.44625623	-1.65808043
spoIVCA	0	0	3.632268215	5.95419631
yxeF	0	4.584962501	-1.584962501	-1.584962501
hisB	2.137503524	-3.807354922	-3.688055994	0
cotK	0	0	5.426264755	4.426264755
yjdB	0	4.426264755	0	-2.415037499
yxxG	-1.16421135	-1.236376651	3.874469118	-2.546192931
csn	2.584962501	5.329123596	2.824428435	-1.482392767
patA	0	-0.584962501	3.95419631	4.95419631
yyaH	0.152003093	4.164571767	3.161234041	-1.75859561
yueK	-0.038474148	5.727920455	4.247927513	0.925999419
yodT	0.263034406	0	4.545968369	4.867896464
yitM	0	4.309855263	3.64385619	-0.941106311
sspB	-0.415037499	-0.222392421	3.963474124	4.285402219
yfmT	-0.533123569	-5.201633861	-1.637429921	0.710493383
yxeD	1	-1.584962501	2.736965594	4.321928095
yncM	2.455194626	4.353280514	4.378511623	-0.957261528
yfmG	2.187627003	3.932313192	-0.2410081	-1.659509454
gerM	0	0.847996907	4.807354922	-0.777607579
topB	-0.392317423	4.392317423	0.584962501	-1.222392421
srfAC	1.424497829	0.82980379	4.541373232	-1.337772373
vpr	0.874469118	3.303050085	4.025868086	-1.280793252
spoIIQ	0	0.459431619	2.662965013	5.247927513
sleB	1	-1	2.378511623	4.700439718
yvbQ	2.337869639	-3.321928095	-1.222392421	0.263034406
spoVR	0.222392421	0.584962501	4.159871337	4.837943242
rpsN	-2.696607857	-1.321928095	0.893084796	2.700439718
yfhS	-0.906890596	-0.847996907	3.03562391	3.357552005
rpsE	-2.650764559	-0.415037499	2	2.415037499
ypjB	-0.514573173	0.398549376	4.807354922	2.182864057
ycsA	0.405256478	1.781999348	4.169925001	-1.366127899
yhdX	0.584962501	-1	-3.169925001	-4.700439718
ywdL	0	-0.765534746	2.958693026	4.105534414
ywlB	-0.564352221	-0.06529146	3.633841969	3.655701403
yjcE	0.75802721	0.098302074	-3.169925001	-3.807354922
xkdI	-0.275634443	-2.362570079	-0.949373927	-5.41814341
ylbO	0.415037499	-2.807354922	1.836501268	2.184424571
yulB	-0.628031223	2.992466327	2.932885804	-1.244307198
ysxE	0.234465254	0.943416472	4.201633861	4.716207034
ymxH	0	-0.485426827	2.256339753	4.426264755
gltA	1.169925001	-1.266786541	-4.123776541	-0.137503524
sacT	0.447458977	3.064130337	4.533978572	-0.247381142
yunB	-1.485426827	0	1.432959407	3.754887502
yebD	-3.169925001	2.029747343	0.847996907	-0.152003093
lipA	3.459431619	2.222392421	-1.099535674	-0.652076697
yqxJ	-0.584962501	3.321928095	2.807354922	-0.893084796
yqiS	-1.089005006	3.878561873	-0.321928095	0.152003093
yckK	-1.949959318	0	2.584962501	2.584962501
spoVG	1.05246742	1.77070802	4.419538892	-0.878141657
aprE	0.530514717	3.358617904	4.193114629	-0.36556118
ymfJ	-0.321928095	-0.584962501	2.762500686	3.762500686
yrdN	2.584962501	-2	-1.584962501	-1.736965594
yqfT	-1	-2.584962501	0.263034406	2.584962501
sbo	0.584962501	3.830941742	0.736965594	-1.459431619
yckD	0	0	4.357552005	0
ybcT	0	4.169925001	0	-0.485426827
ylaM	0.777607579	0.621488377	1.547487795	5.247927513
yprB	-0.847996907	-2.584962501	0.263034406	2.584962501
spoIIB	-0.565597176	3.347923303	2.561878888	-0.916168409
yfhD	-2.169925001	2	2.584962501	1.584962501
ywhR	1.799232126	0.998916489	3.67556505	-1.50589093
yrpD	1.863498	3.385759707	2.788495895	-1.417408404
ytzH	-2	-2	0.736965594	2.321928095
ywiA	-0.198545679	3.448590059	0.19592021	-1.600148905
yodS	-1	1.624490865	2.827163403	3.974004791
ywhO	0.765534746	4.093511886	-0.308122295	-0.514573173
ycnI	0.056583528	4.247927513	1.925999419	-0.452512205
hisD	1.192645078	-3.321928095	-2.784271309	-0.289506617
yetI	-3.247927513	-1.807354922	-2.415037499	1.584962501
ykuS	-0.547487795	-0.099535674	3.062284278	3.564784619
yrzI	0	3.459431619	2.169925001	-1.222392421
yclG	4.087462841	-0.321928095	0	0
spoIIGA	0	2.046293652	4.067744607	-0.535596423
ykoS	1.321928095	-2.321928095	0	2.584962501
yacN	-3.321928095	-2	-0.736965594	1.584962501
ysgA	-1.432959407	-2	1.546488353	2.150559677
yxnB	-1.222392421	3	2	-0.832890014
bfmBB	-0.847996907	4.102810806	1.152003093	0.621488377
phoB	-0.584962501	-2.437405312	1.182864057	2.304854582
spoIIM	1.321928095	4.169925001	2.657112286	-0.719263592
yneE	-1	0	3.672425342	-0.13492958
csgA	0	0	3	4
yqiT	-1	3.790772038	0.2410081	0.308122295
rplP	-3.169925001	-1.440572591	0.584962501	1.392317423
yxaM	0.485426827	4.437405312	1.700439718	-0.206450877
ysaA	-1.321928095	-1	0.362570079	3.169925001
ykoQ	0	0	-3.273018494	1.584962501
levE	-1.5360529	-3.584962501	1.321928095	-0.678071905
yunJ	-0.736965594	-3.392317423	-2.882643049	1
comER	0.222392421	0.494764692	3.841302254	3.841302254
yobO	0.440572591	2.577458218	3.335286478	-1.071338782
ycnJ	-0.111031312	3.95419631	2	-0.321928095
yjdD	1	-2.321928095	-3.807354922	-1.584962501
ctaA	-0.263034406	-2.906890596	2	-0.321928095
ytbQ	-1.276840205	0.584962501	2.693022247	3.014950341
ylxL	-0.545434137	-2.736965594	0.584962501	2
aroH	0	0	4	0
ydaL	-0.549338591	2.691877705	3.169925001	-0.473931188
yddN	2	2.807354922	-0.584962501	-1.321928095
ycdC	0.584962501	1.736965594	3.807354922	-0.893084796
infA	-2.574115118	-2.115477217	1.378511623	0.700439718
sacV	2	3.169925001	1.321928095	-1.485426827
murF	-1.392317423	0	2.906890596	-1.137503524
yttP	0.523561956	3.363748271	3.394397733	-0.449951396
yopN	0	-2.584962501	1.584962501	1.584962501
yvaX	-0.169925001	3.827819025	0.678071905	-0.459431619
yvqI	-2.584962501	1.754887502	1.35614381	0.476438044
spoIIIAH	0	0	3.922832139	0
yodP	0	-0.736965594	3.614709844	0
yusM	0	-0.807354922	1.440572591	3.662965013
ywkD	4.95419631	3.906890596	1.378511623	0.893084796
cheB	-1.966833136	-3.906890596	-0.415037499	0.584962501
hisG	-1.415037499	-2.807354922	-4.584962501	0
yxiC	2.700439718	2.502500341	2	-1.459431619
yrrU	0.556393349	-3	-1.736965594	1.169925001
ydgH	-1	0	-4.523561956	-2
spoVID	-0.956931278	0.293731203	2.967819594	2.84582907
